Amplitude,Capacitance,Dissipation
10.000000E-3,1.002000E-9,415.000000E-6
30.000000E-3,1.002000E-9,415.000000E-6
50.000000E-3,1.002000E-9,414.000000E-6
70.000000E-3,1.003000E-9,411.000000E-6
90.000000E-3,1.003000E-9,411.000000E-6
110.000000E-3,1.003000E-9,410.000000E-6
130.000000E-3,1.003000E-9,411.000000E-6
150.000000E-3,1.003000E-9,410.000000E-6
170.000000E-3,1.003000E-9,410.000000E-6
190.000000E-3,1.003000E-9,410.000000E-6
210.000000E-3,1.003000E-9,411.000000E-6
230.000000E-3,1.003000E-9,410.000000E-6
250.000000E-3,1.003000E-9,410.000000E-6
270.000000E-3,1.003000E-9,410.000000E-6
290.000000E-3,1.003000E-9,410.000000E-6
310.000000E-3,1.002700E-9,409.000000E-6
330.000000E-3,1.002700E-9,409.000000E-6
350.000000E-3,1.002500E-9,410.000000E-6
370.000000E-3,1.002600E-9,410.000000E-6
390.000000E-3,1.002500E-9,410.000000E-6
