Frequency_rads	Cp_Farad	Bp_S	Dissipation	Gp_S
125.663706E+0	0.000000E+0	NaN	0.000000E+0	0.000000E+0
138.230077E+0	4.900000E-9	677.327376E-9	113.000000E-3	76.537994E-9
157.079633E+0	5.100000E-9	801.106127E-9	93.000000E-3	74.502870E-9
175.929189E+0	5.000000E-9	879.645943E-9	88.000000E-3	77.408843E-9
194.778745E+0	5.000000E-9	973.893723E-9	103.000000E-3	100.311053E-9
213.628300E+0	4.900000E-9	1.046779E-6	94.000000E-3	98.397195E-9
238.761042E+0	4.900000E-9	1.169929E-6	85.000000E-3	99.443974E-9
270.176968E+0	4.800000E-9	1.296849E-6	85.000000E-3	110.232203E-9
301.592895E+0	4.900000E-9	1.477805E-6	75.000000E-3	110.835389E-9
333.008821E+0	4.800000E-9	1.598442E-6	72.000000E-3	115.087849E-9
370.707933E+0	4.800000E-9	1.779398E-6	80.000000E-3	142.351846E-9
414.690230E+0	4.800000E-9	1.990513E-6	80.000000E-3	159.241048E-9
458.672527E+0	4.750000E-9	2.178695E-6	75.000000E-3	163.402088E-9
515.221195E+0	4.740000E-9	2.442148E-6	72.000000E-3	175.834689E-9
571.769863E+0	4.720000E-9	2.698754E-6	72.000000E-3	194.310270E-9
634.601716E+0	4.700000E-9	2.982628E-6	71.000000E-3	211.766593E-9
709.999940E+0	4.680000E-9	3.322800E-6	71.000000E-3	235.918780E-9
791.681349E+0	4.660000E-9	3.689235E-6	72.000000E-3	265.624926E-9
879.645943E+0	4.640000E-9	4.081557E-6	72.000000E-3	293.872117E-9
980.176908E+0	4.620000E-9	4.528417E-6	72.000000E-3	326.046047E-9
1.093274E+3	4.600000E-9	5.029062E-6	72.000000E-3	362.092429E-9
1.218938E+3	4.570000E-9	5.570546E-6	74.000000E-3	412.220436E-9
1.357168E+3	4.550000E-9	6.175115E-6	74.000000E-3	456.958474E-9
1.514248E+3	4.530000E-9	6.859542E-6	76.000000E-3	521.325184E-9
1.683894E+3	4.510000E-9	7.594360E-6	77.000000E-3	584.765752E-9
1.878672E+3	4.490000E-9	8.435239E-6	79.000000E-3	666.383889E-9
2.092301E+3	4.470000E-9	9.352584E-6	80.000000E-3	748.206733E-9
2.331062E+3	4.460000E-9	10.396535E-6	82.000000E-3	852.515903E-9
2.601239E+3	4.430000E-9	11.523488E-6	85.000000E-3	979.496439E-9
2.896548E+3	4.410000E-9	12.773779E-6	87.000000E-3	1.111319E-6
3.229557E+3	4.400000E-9	14.210052E-6	89.000000E-3	1.264695E-6
3.593982E+3	4.400000E-9	15.813521E-6	92.000000E-3	1.454844E-6
4.008672E+3	4.400000E-9	17.638158E-6	96.000000E-3	1.693263E-6
4.467345E+3	4.340000E-9	19.388276E-6	100.000000E-3	1.938828E-6
4.976283E+3	4.320000E-9	21.497542E-6	105.000000E-3	2.257242E-6
5.541769E+3	4.290000E-9	23.774191E-6	110.000000E-3	2.615161E-6
6.176371E+3	4.270000E-9	26.373105E-6	116.000000E-3	3.059280E-6
6.886371E+3	4.250000E-9	29.267077E-6	123.000000E-3	3.599850E-6
7.671769E+3	4.220000E-9	32.374866E-6	131.000000E-3	4.241107E-6
8.545132E+3	4.200000E-9	35.889554E-6	139.000000E-3	4.988648E-6
9.525309E+3	4.170000E-9	39.720538E-6	149.000000E-3	5.918360E-6
10.612300E+3	4.140000E-9	43.934922E-6	159.000000E-3	6.985653E-6
11.824955E+3	4.100000E-9	48.482314E-6	171.000000E-3	8.290476E-6
13.175840E+3	4.060000E-9	53.493909E-6	184.000000E-3	9.842879E-6
14.683804E+3	4.020000E-9	59.028892E-6	198.000000E-3	11.687721E-6
16.361415E+3	3.970000E-9	64.954816E-6	214.000000E-3	13.900331E-6
18.227521E+3	3.920000E-9	71.451881E-6	231.000000E-3	16.505384E-6
20.313538E+3	3.850000E-9	78.207122E-6	249.000000E-3	19.473573E-6
22.632033E+3	3.780000E-9	85.549087E-6	269.000000E-3	23.012704E-6
25.220706E+3	3.710000E-9	93.568819E-6	291.000000E-3	27.228526E-6
28.098405E+3	3.620000E-9	101.716225E-6	314.000000E-3	31.938895E-6
31.309112E+3	3.520000E-9	110.208076E-6	338.000000E-3	37.250330E-6
34.890528E+3	3.420000E-9	119.325606E-6	363.000000E-3	43.315195E-6
38.874067E+3	3.310000E-9	128.673163E-6	385.600000E-3	49.616372E-6
43.316280E+3	3.190000E-9	138.178932E-6	411.800000E-3	56.902084E-6
48.267430E+3	3.070000E-9	148.181009E-6	437.600000E-3	64.844009E-6
53.784066E+3	2.944000E-9	158.340291E-6	463.100000E-3	73.327389E-6
59.929021E+3	2.816000E-9	168.760124E-6	488.000000E-3	82.354941E-6
66.777693E+3	2.688000E-9	179.498440E-6	511.900000E-3	91.885251E-6
74.405480E+3	2.561000E-9	190.552435E-6	534.400000E-3	101.831221E-6
82.906630E+3	2.437000E-9	202.043458E-6	555.400000E-3	112.214936E-6
92.381674E+3	2.317000E-9	214.048338E-6	575.100000E-3	123.099199E-6
102.937425E+3	2.201000E-9	226.565272E-6	593.100000E-3	134.375863E-6
114.699548E+3	2.089000E-9	239.607355E-6	609.400000E-3	146.016722E-6
127.806272E+3	1.983000E-9	253.439838E-6	623.500000E-3	158.019739E-6
142.408395E+3	1.881000E-9	267.870191E-6	635.200000E-3	170.151145E-6
158.681845E+3	1.784000E-9	283.088411E-6	644.600000E-3	182.478790E-6
176.815118E+3	1.692000E-9	299.171179E-6	650.900000E-3	194.730521E-6
197.021842E+3	1.607000E-9	316.614100E-6	653.300000E-3	206.843991E-6
219.534495E+3	1.528000E-9	335.448708E-6	651.800000E-3	218.645468E-6
244.616970E+3	1.455000E-9	355.917692E-6	646.300000E-3	230.029604E-6
272.570862E+3	1.389000E-9	378.600927E-6	636.200000E-3	240.865910E-6
303.716611E+3	1.330000E-9	403.943093E-6	621.900000E-3	251.212210E-6
338.418644E+3	1.278000E-9	432.499027E-6	603.800000E-3	261.142912E-6
377.091649E+3	1.232000E-9	464.576912E-6	582.200000E-3	270.476678E-6
420.181734E+3	1.191000E-9	500.436445E-6	558.100000E-3	279.293580E-6
468.197836E+3	1.156900E-9	541.658077E-6	531.600000E-3	287.945434E-6
521.692876E+3	1.127000E-9	587.947871E-6	503.800000E-3	296.208138E-6
581.307738E+3	1.101700E-9	640.426735E-6	475.400000E-3	304.458870E-6
647.733573E+3	1.080000E-9	699.552259E-6	447.400000E-3	312.979681E-6
721.749496E+3	1.062000E-9	766.497965E-6	419.800000E-3	321.775846E-6
804.222587E+3	1.046900E-9	841.940626E-6	393.700000E-3	331.472024E-6
896.120455E+3	1.034100E-9	926.678162E-6	369.300000E-3	342.222245E-6
998.517526E+3	1.023900E-9	1.022382E-3	346.500000E-3	354.255396E-6
1.112614E+6	1.015000E-9	1.129303E-3	326.200000E-3	368.378670E-6
1.239748E+6	1.008000E-9	1.249666E-3	307.000000E-3	383.647414E-6
1.381415E+6	1.002000E-9	1.384178E-3	291.400000E-3	403.349372E-6
1.539267E+6	998.000000E-12	1.536189E-3	278.300000E-3	427.521334E-6
1.715153E+6	994.000000E-12	1.704862E-3	267.800000E-3	456.561935E-6
1.911144E+6	991.000000E-12	1.893944E-3	260.300000E-3	492.993523E-6
2.129529E+6	989.000000E-12	2.106104E-3	254.700000E-3	536.424629E-6
2.372864E+6	987.000000E-12	2.342017E-3	252.000000E-3	590.188171E-6
2.644002E+6	986.000000E-12	2.606986E-3	252.100000E-3	657.221183E-6
2.946129E+6	985.000000E-12	2.901937E-3	255.800000E-3	742.315512E-6
3.282782E+6	986.000000E-12	3.236823E-3	262.000000E-3	848.047668E-6
3.657895E+6	986.000000E-12	3.606684E-3	271.500000E-3	979.214715E-6
4.075877E+6	987.000000E-12	4.022891E-3	284.200000E-3	1.143306E-3
4.541618E+6	989.200000E-12	4.492569E-3	301.300000E-3	1.353611E-3
5.060584E+6	991.000000E-12	5.015039E-3	323.900000E-3	1.624371E-3
5.638845E+6	993.200000E-12	5.600501E-3	351.800000E-3	1.970256E-3
6.283185E+6	995.800000E-12	6.256796E-3	386.500000E-3	2.418252E-3
