Frequency_rads	Cp_Farad	Bp_S	Dissipation	Gp_S
125.663706E+0	0.000000E+0	NaN	0.000000E+0	0.000000E+0
138.230077E+0	5.100000E-9	704.973391E-9	104.000000E-3	73.317233E-9
157.079633E+0	5.200000E-9	816.814090E-9	94.000000E-3	76.780524E-9
175.929189E+0	5.200000E-9	914.831781E-9	94.000000E-3	85.994187E-9
194.778745E+0	5.100000E-9	993.371597E-9	82.000000E-3	81.456471E-9
213.628300E+0	5.100000E-9	1.089504E-6	75.000000E-3	81.712825E-9
238.761042E+0	5.100000E-9	1.217681E-6	75.000000E-3	91.326098E-9
270.176968E+0	5.100000E-9	1.377903E-6	81.000000E-3	111.610106E-9
301.592895E+0	5.100000E-9	1.538124E-6	81.000000E-3	124.588025E-9
333.008821E+0	5.100000E-9	1.698345E-6	82.000000E-3	139.264289E-9
370.707933E+0	5.000000E-9	1.853540E-6	78.000000E-3	144.576094E-9
414.690230E+0	5.000000E-9	2.073451E-6	76.000000E-3	157.582288E-9
458.672527E+0	4.950000E-9	2.270429E-6	76.000000E-3	172.552605E-9
515.221195E+0	4.940000E-9	2.545193E-6	73.000000E-3	185.799067E-9
571.769863E+0	4.910000E-9	2.807390E-6	76.000000E-3	213.361642E-9
634.601716E+0	4.900000E-9	3.109548E-6	75.000000E-3	233.216131E-9
709.999940E+0	4.880000E-9	3.464800E-6	79.000000E-3	273.719177E-9
791.681349E+0	4.850000E-9	3.839655E-6	77.000000E-3	295.653400E-9
879.645943E+0	4.830000E-9	4.248690E-6	79.000000E-3	335.646502E-9
980.176908E+0	4.810000E-9	4.714651E-6	79.000000E-3	372.457423E-9
1.093274E+3	4.780000E-9	5.225851E-6	82.000000E-3	428.519772E-9
1.218938E+3	4.750000E-9	5.789955E-6	83.000000E-3	480.566287E-9
1.357168E+3	4.730000E-9	6.419405E-6	85.000000E-3	545.649405E-9
1.514248E+3	4.710000E-9	7.132106E-6	86.000000E-3	613.361157E-9
1.683894E+3	4.710000E-9	7.931139E-6	86.000000E-3	682.077967E-9
1.878672E+3	4.660000E-9	8.754613E-6	91.000000E-3	796.669821E-9
2.092301E+3	4.630000E-9	9.687352E-6	93.000000E-3	900.923762E-9
2.331062E+3	4.600000E-9	10.722884E-6	96.000000E-3	1.029397E-6
2.601239E+3	4.600000E-9	11.965698E-6	96.000000E-3	1.148707E-6
2.896548E+3	4.600000E-9	13.324123E-6	101.000000E-3	1.345736E-6
3.229557E+3	4.500000E-9	14.533008E-6	105.000000E-3	1.525966E-6
3.593982E+3	4.500000E-9	16.172919E-6	108.000000E-3	1.746675E-6
4.008672E+3	4.500000E-9	18.039025E-6	112.000000E-3	2.020371E-6
4.467345E+3	4.440000E-9	19.835011E-6	116.000000E-3	2.300861E-6
4.976283E+3	4.410000E-9	21.945407E-6	121.000000E-3	2.655394E-6
5.541769E+3	4.390000E-9	24.328368E-6	126.000000E-3	3.065374E-6
6.176371E+3	4.360000E-9	26.928978E-6	132.000000E-3	3.554625E-6
6.886371E+3	4.330000E-9	29.817987E-6	139.000000E-3	4.144700E-6
7.671769E+3	4.300000E-9	32.988608E-6	147.000000E-3	4.849325E-6
8.545132E+3	4.260000E-9	36.402262E-6	155.000000E-3	5.642351E-6
9.525309E+3	4.230000E-9	40.292057E-6	164.000000E-3	6.607897E-6
10.612300E+3	4.190000E-9	44.465537E-6	174.000000E-3	7.737003E-6
11.824955E+3	4.150000E-9	49.073562E-6	186.000000E-3	9.127683E-6
13.175840E+3	4.100000E-9	54.020942E-6	199.000000E-3	10.750168E-6
14.683804E+3	4.050000E-9	59.469406E-6	212.000000E-3	12.607514E-6
16.361415E+3	4.000000E-9	65.445658E-6	228.000000E-3	14.921610E-6
18.227521E+3	3.940000E-9	71.816431E-6	244.000000E-3	17.523209E-6
20.313538E+3	3.870000E-9	78.613392E-6	262.000000E-3	20.596709E-6
22.632033E+3	3.800000E-9	86.001727E-6	282.000000E-3	24.252487E-6
25.220706E+3	3.720000E-9	93.821026E-6	303.000000E-3	28.427771E-6
28.098405E+3	3.630000E-9	101.997209E-6	325.000000E-3	33.149093E-6
31.309112E+3	3.530000E-9	110.521167E-6	348.000000E-3	38.461366E-6
34.890528E+3	3.420000E-9	119.325606E-6	372.000000E-3	44.389125E-6
38.874067E+3	3.310000E-9	128.673163E-6	394.500000E-3	50.761563E-6
43.316280E+3	3.190000E-9	138.178932E-6	419.900000E-3	58.021333E-6
48.267430E+3	3.070000E-9	148.181009E-6	445.200000E-3	65.970185E-6
53.784066E+3	2.944000E-9	158.340291E-6	470.100000E-3	74.435771E-6
59.929021E+3	2.816000E-9	168.760124E-6	494.400000E-3	83.435006E-6
66.777693E+3	2.687000E-9	179.431662E-6	517.700000E-3	92.891772E-6
74.405480E+3	2.561000E-9	190.552435E-6	539.700000E-3	102.841149E-6
82.906630E+3	2.438000E-9	202.126364E-6	560.300000E-3	113.251402E-6
92.381674E+3	2.317000E-9	214.048338E-6	579.600000E-3	124.062417E-6
102.937425E+3	2.201000E-9	226.565272E-6	597.200000E-3	135.304781E-6
114.699548E+3	2.090000E-9	239.722055E-6	613.100000E-3	146.973592E-6
127.806272E+3	1.983000E-9	253.439838E-6	626.900000E-3	158.881434E-6
142.408395E+3	1.881000E-9	267.870191E-6	638.500000E-3	171.035117E-6
158.681845E+3	1.784000E-9	283.088411E-6	647.400000E-3	183.271438E-6
176.815118E+3	1.693000E-9	299.347994E-6	653.300000E-3	195.564045E-6
197.021842E+3	1.608000E-9	316.811121E-6	655.600000E-3	207.701371E-6
219.534495E+3	1.529000E-9	335.668242E-6	653.900000E-3	219.493464E-6
244.616970E+3	1.456000E-9	356.162309E-6	648.200000E-3	230.864409E-6
272.570862E+3	1.390000E-9	378.873498E-6	637.900000E-3	241.683404E-6
303.716611E+3	1.331000E-9	404.246810E-6	623.700000E-3	252.128735E-6
338.418644E+3	1.279000E-9	432.837445E-6	605.400000E-3	262.039789E-6
377.091649E+3	1.233000E-9	464.954004E-6	583.800000E-3	271.440147E-6
420.181734E+3	1.192000E-9	500.856627E-6	559.400000E-3	280.179197E-6
468.197836E+3	1.157600E-9	541.985815E-6	533.000000E-3	288.878440E-6
521.692876E+3	1.127600E-9	588.260887E-6	505.300000E-3	297.248226E-6
581.307738E+3	1.102100E-9	640.659258E-6	477.100000E-3	305.658532E-6
647.733573E+3	1.080400E-9	699.811353E-6	449.000000E-3	314.215297E-6
721.749496E+3	1.062100E-9	766.570140E-6	421.700000E-3	323.262628E-6
804.222587E+3	1.046700E-9	841.779781E-6	395.900000E-3	333.260615E-6
896.120455E+3	1.034000E-9	926.588550E-6	371.400000E-3	344.134988E-6
998.517526E+3	1.023400E-9	1.021883E-3	349.000000E-3	356.637110E-6
1.112614E+6	1.014400E-9	1.128636E-3	329.000000E-3	371.321089E-6
1.239748E+6	1.007000E-9	1.248426E-3	310.400000E-3	387.511460E-6
1.381415E+6	1.001000E-9	1.382796E-3	295.300000E-3	408.339734E-6
1.539267E+6	996.000000E-12	1.533110E-3	282.800000E-3	433.563574E-6
1.715153E+6	992.000000E-12	1.701431E-3	272.800000E-3	464.150456E-6
1.911144E+6	989.000000E-12	1.890121E-3	265.900000E-3	502.583260E-6
2.129529E+6	986.000000E-12	2.099715E-3	261.800000E-3	549.705434E-6
2.372864E+6	984.000000E-12	2.334898E-3	260.500000E-3	608.240919E-6
2.644002E+6	982.000000E-12	2.596410E-3	262.100000E-3	680.519071E-6
2.946129E+6	981.000000E-12	2.890153E-3	266.700000E-3	770.803696E-6
3.282782E+6	980.000000E-12	3.217126E-3	275.100000E-3	885.031491E-6
3.657895E+6	979.000000E-12	3.581079E-3	287.200000E-3	1.028486E-3
4.075877E+6	977.000000E-12	3.982132E-3	304.000000E-3	1.210568E-3
4.541618E+6	976.300000E-12	4.433982E-3	325.300000E-3	1.442374E-3
5.060584E+6	975.300000E-12	4.935588E-3	351.100000E-3	1.732885E-3
5.638845E+6	973.500000E-12	5.489415E-3	383.400000E-3	2.104642E-3
6.283185E+6	971.000000E-12	6.100973E-3	423.400000E-3	2.583152E-3
