Frequency_rads	Cp_Farad	Bp_S	Dissipation	Gp_S
125.663706E+0	5.600000E-9	703.716754E-9	131.000000E-3	92.186895E-9
138.230077E+0	5.700000E-9	787.911438E-9	103.000000E-3	81.154878E-9
157.079633E+0	5.700000E-9	895.353906E-9	100.000000E-3	89.535391E-9
175.929189E+0	5.500000E-9	967.610537E-9	134.000000E-3	129.659812E-9
194.778745E+0	5.400000E-9	1.051805E-6	112.000000E-3	117.802185E-9
213.628300E+0	5.400000E-9	1.153593E-6	105.000000E-3	121.127246E-9
238.761042E+0	5.400000E-9	1.289310E-6	114.000000E-3	146.981297E-9
270.176968E+0	5.400000E-9	1.458956E-6	101.000000E-3	147.354518E-9
301.592895E+0	5.300000E-9	1.598442E-6	88.000000E-3	140.662926E-9
333.008821E+0	5.300000E-9	1.764947E-6	87.000000E-3	153.550367E-9
370.707933E+0	5.300000E-9	1.964752E-6	86.000000E-3	168.968676E-9
414.690230E+0	5.200000E-9	2.156389E-6	90.000000E-3	194.075028E-9
458.672527E+0	5.270000E-9	2.417204E-6	81.000000E-3	195.793542E-9
515.221195E+0	5.230000E-9	2.694607E-6	83.000000E-3	223.652369E-9
571.769863E+0	5.210000E-9	2.978921E-6	80.000000E-3	238.313679E-9
634.601716E+0	5.190000E-9	3.293583E-6	80.000000E-3	263.486632E-9
709.999940E+0	5.170000E-9	3.670700E-6	79.000000E-3	289.985275E-9
791.681349E+0	5.140000E-9	4.069242E-6	79.000000E-3	321.470128E-9
879.645943E+0	5.120000E-9	4.503787E-6	81.000000E-3	364.806765E-9
980.176908E+0	5.100000E-9	4.998902E-6	83.000000E-3	414.908885E-9
1.093274E+3	5.080000E-9	5.553833E-6	83.000000E-3	460.968152E-9
1.218938E+3	5.060000E-9	6.167826E-6	85.000000E-3	524.265212E-9
1.357168E+3	5.030000E-9	6.826555E-6	87.000000E-3	593.910300E-9
1.514248E+3	5.010000E-9	7.586381E-6	90.000000E-3	682.774269E-9
1.683894E+3	4.980000E-9	8.385790E-6	92.000000E-3	771.492720E-9
1.878672E+3	4.950000E-9	9.299428E-6	96.000000E-3	892.745128E-9
2.092301E+3	4.930000E-9	10.315042E-6	99.000000E-3	1.021189E-6
2.331062E+3	4.900000E-9	11.422203E-6	103.000000E-3	1.176487E-6
2.601239E+3	4.870000E-9	12.668033E-6	107.000000E-3	1.355479E-6
2.896548E+3	4.800000E-9	13.903432E-6	111.000000E-3	1.543281E-6
3.229557E+3	4.800000E-9	15.501875E-6	115.000000E-3	1.782716E-6
3.593982E+3	4.800000E-9	17.251114E-6	120.000000E-3	2.070134E-6
4.008672E+3	4.700000E-9	18.840759E-6	125.000000E-3	2.355095E-6
4.467345E+3	4.710000E-9	21.041194E-6	131.000000E-3	2.756396E-6
4.976283E+3	4.670000E-9	23.239241E-6	137.000000E-3	3.183776E-6
5.541769E+3	4.630000E-9	25.658393E-6	144.000000E-3	3.694809E-6
6.176371E+3	4.600000E-9	28.411307E-6	151.000000E-3	4.290107E-6
6.886371E+3	4.560000E-9	31.401852E-6	159.000000E-3	4.992894E-6
7.671769E+3	4.510000E-9	34.599679E-6	168.000000E-3	5.812746E-6
8.545132E+3	4.470000E-9	38.196740E-6	177.000000E-3	6.760823E-6
9.525309E+3	4.420000E-9	42.101865E-6	188.000000E-3	7.915151E-6
10.612300E+3	4.370000E-9	46.375751E-6	199.000000E-3	9.228774E-6
11.824955E+3	4.320000E-9	51.083805E-6	211.000000E-3	10.778683E-6
13.175840E+3	4.260000E-9	56.129077E-6	225.000000E-3	12.629042E-6
14.683804E+3	4.200000E-9	61.671977E-6	239.000000E-3	14.739603E-6
16.361415E+3	4.130000E-9	67.572642E-6	255.000000E-3	17.231024E-6
18.227521E+3	4.050000E-9	73.821458E-6	272.000000E-3	20.079437E-6
20.313538E+3	3.970000E-9	80.644746E-6	290.000000E-3	23.386976E-6
22.632033E+3	3.890000E-9	88.038610E-6	310.000000E-3	27.291969E-6
25.220706E+3	3.790000E-9	95.586475E-6	331.000000E-3	31.639123E-6
28.098405E+3	3.690000E-9	103.683113E-6	353.000000E-3	36.600139E-6
31.309112E+3	3.580000E-9	112.086622E-6	376.000000E-3	42.144570E-6
34.890528E+3	3.470000E-9	121.070132E-6	396.300000E-3	47.980093E-6
38.874067E+3	3.340000E-9	129.839385E-6	420.600000E-3	54.610446E-6
43.316280E+3	3.220000E-9	139.478420E-6	445.000000E-3	62.067897E-6
48.267430E+3	3.089000E-9	149.098090E-6	469.100000E-3	69.941914E-6
53.784066E+3	2.957000E-9	159.039484E-6	493.100000E-3	78.422369E-6
59.929021E+3	2.826000E-9	169.359415E-6	516.200000E-3	87.423330E-6
66.777693E+3	2.695000E-9	179.965884E-6	538.300000E-3	96.875635E-6
74.405480E+3	2.567000E-9	190.998868E-6	559.300000E-3	106.825667E-6
82.906630E+3	2.443000E-9	202.540897E-6	578.700000E-3	117.210417E-6
92.381674E+3	2.320000E-9	214.325483E-6	597.200000E-3	127.995178E-6
102.937425E+3	2.204000E-9	226.874084E-6	613.600000E-3	139.209938E-6
114.699548E+3	2.092000E-9	239.951454E-6	628.500000E-3	150.809489E-6
127.806272E+3	1.984000E-9	253.567644E-6	641.300000E-3	162.612930E-6
142.408395E+3	1.882000E-9	268.012599E-6	652.000000E-3	174.744215E-6
158.681845E+3	1.785000E-9	283.247093E-6	659.900000E-3	186.914757E-6
176.815118E+3	1.694000E-9	299.524809E-6	664.700000E-3	199.094141E-6
197.021842E+3	1.609000E-9	317.008143E-6	666.100000E-3	211.159124E-6
219.534495E+3	1.530000E-9	335.887777E-6	663.700000E-3	222.928717E-6
244.616970E+3	1.458000E-9	356.651543E-6	656.900000E-3	234.284398E-6
272.570862E+3	1.393000E-9	379.691211E-6	645.800000E-3	245.204584E-6
303.716611E+3	1.334000E-9	405.157960E-6	630.700000E-3	255.533125E-6
338.418644E+3	1.282000E-9	433.852701E-6	611.900000E-3	265.474468E-6
377.091649E+3	1.236000E-9	466.085279E-6	589.700000E-3	274.850489E-6
420.181734E+3	1.196000E-9	502.537354E-6	565.000000E-3	283.933605E-6
468.197836E+3	1.161600E-9	543.858607E-6	538.400000E-3	292.813474E-6
521.692876E+3	1.131700E-9	590.399828E-6	510.400000E-3	301.340072E-6
581.307738E+3	1.106300E-9	643.100751E-6	482.000000E-3	309.974562E-6
647.733573E+3	1.084800E-9	702.661380E-6	453.700000E-3	318.797468E-6
721.749496E+3	1.066600E-9	769.818013E-6	426.200000E-3	328.096437E-6
804.222587E+3	1.051200E-9	845.398783E-6	400.300000E-3	338.413133E-6
896.120455E+3	1.038200E-9	930.352256E-6	376.100000E-3	349.905484E-6
998.517526E+3	1.027800E-9	1.026276E-3	353.600000E-3	362.891304E-6
1.112614E+6	1.018700E-9	1.133420E-3	333.400000E-3	377.882150E-6
1.239748E+6	1.012000E-9	1.254625E-3	314.200000E-3	394.203123E-6
1.381415E+6	1.006000E-9	1.389703E-3	299.000000E-3	415.521295E-6
1.539267E+6	1.000000E-9	1.539267E-3	287.000000E-3	441.769716E-6
1.715153E+6	996.000000E-12	1.708292E-3	276.700000E-3	472.684369E-6
1.911144E+6	993.000000E-12	1.897766E-3	269.500000E-3	511.447910E-6
2.129529E+6	990.000000E-12	2.108233E-3	264.800000E-3	558.260176E-6
2.372864E+6	988.000000E-12	2.344389E-3	263.200000E-3	617.043294E-6
2.644002E+6	986.000000E-12	2.606986E-3	264.700000E-3	690.069207E-6
2.946129E+6	985.000000E-12	2.901937E-3	268.500000E-3	779.170113E-6
3.282782E+6	984.000000E-12	3.230258E-3	276.000000E-3	891.551097E-6
3.657895E+6	983.000000E-12	3.595710E-3	287.900000E-3	1.035205E-3
4.075877E+6	983.000000E-12	4.006587E-3	303.000000E-3	1.213996E-3
4.541618E+6	982.900000E-12	4.463957E-3	322.700000E-3	1.440519E-3
5.060584E+6	982.500000E-12	4.972024E-3	347.800000E-3	1.729270E-3
5.638845E+6	981.700000E-12	5.535654E-3	379.000000E-3	2.098013E-3
6.283185E+6	979.900000E-12	6.156893E-3	418.300000E-3	2.575428E-3
