Frequency_rads	Cp_Farad	Bp_S	Dissipation	Gp_S
125.663706E+0	6.500000E-9	816.814090E-9	169.000000E-3	138.041581E-9
138.230077E+0	6.600000E-9	912.318507E-9	170.000000E-3	155.094146E-9
157.079633E+0	6.300000E-9	989.601686E-9	157.000000E-3	155.367465E-9
175.929189E+0	6.200000E-9	1.090761E-6	149.000000E-3	162.523384E-9
194.778745E+0	6.200000E-9	1.207628E-6	164.000000E-3	198.051027E-9
213.628300E+0	6.100000E-9	1.303133E-6	155.000000E-3	201.985558E-9
238.761042E+0	5.900000E-9	1.408690E-6	156.000000E-3	219.755663E-9
270.176968E+0	5.900000E-9	1.594044E-6	138.000000E-3	219.978088E-9
301.592895E+0	5.900000E-9	1.779398E-6	143.000000E-3	254.453925E-9
333.008821E+0	5.800000E-9	1.931451E-6	142.000000E-3	274.266065E-9
370.707933E+0	5.700000E-9	2.113035E-6	125.000000E-3	264.129402E-9
414.690230E+0	5.700000E-9	2.363734E-6	132.000000E-3	312.012929E-9
458.672527E+0	5.620000E-9	2.577740E-6	124.000000E-3	319.639711E-9
515.221195E+0	5.600000E-9	2.885239E-6	117.000000E-3	337.572927E-9
571.769863E+0	5.540000E-9	3.167605E-6	112.000000E-3	354.771765E-9
634.601716E+0	5.500000E-9	3.490309E-6	111.000000E-3	387.424348E-9
709.999940E+0	5.480000E-9	3.890800E-6	105.000000E-3	408.533965E-9
791.681349E+0	5.460000E-9	4.322580E-6	102.000000E-3	440.903177E-9
879.645943E+0	5.430000E-9	4.776477E-6	99.000000E-3	472.871270E-9
980.176908E+0	5.410000E-9	5.302757E-6	97.000000E-3	514.367436E-9
1.093274E+3	5.380000E-9	5.881815E-6	95.000000E-3	558.772466E-9
1.218938E+3	5.360000E-9	6.533507E-6	94.000000E-3	614.149697E-9
1.357168E+3	5.340000E-9	7.247277E-6	94.000000E-3	681.244063E-9
1.514248E+3	5.310000E-9	8.040655E-6	94.000000E-3	755.821577E-9
1.683894E+3	5.290000E-9	8.907797E-6	95.000000E-3	846.240760E-9
1.878672E+3	5.270000E-9	9.900604E-6	97.000000E-3	960.358548E-9
2.092301E+3	5.250000E-9	10.984579E-6	99.000000E-3	1.087473E-6
2.331062E+3	5.220000E-9	12.168142E-6	101.000000E-3	1.228982E-6
2.601239E+3	5.200000E-9	13.526441E-6	104.000000E-3	1.406750E-6
2.896548E+3	5.200000E-9	15.062052E-6	108.000000E-3	1.626702E-6
3.229557E+3	5.200000E-9	16.793698E-6	113.000000E-3	1.897688E-6
3.593982E+3	5.100000E-9	18.329308E-6	118.000000E-3	2.162858E-6
4.008672E+3	5.100000E-9	20.444228E-6	123.000000E-3	2.514640E-6
4.467345E+3	5.050000E-9	22.560091E-6	130.000000E-3	2.932812E-6
4.976283E+3	5.020000E-9	24.980939E-6	137.000000E-3	3.422389E-6
5.541769E+3	4.980000E-9	27.598012E-6	145.000000E-3	4.001712E-6
6.176371E+3	4.940000E-9	30.511274E-6	154.000000E-3	4.698736E-6
6.886371E+3	4.900000E-9	33.743218E-6	164.000000E-3	5.533888E-6
7.671769E+3	4.850000E-9	37.208081E-6	174.000000E-3	6.474206E-6
8.545132E+3	4.800000E-9	41.016634E-6	186.000000E-3	7.629094E-6
9.525309E+3	4.750000E-9	45.245217E-6	198.000000E-3	8.958553E-6
10.612300E+3	4.690000E-9	49.771687E-6	212.000000E-3	10.551598E-6
11.824955E+3	4.620000E-9	54.631291E-6	226.000000E-3	12.346672E-6
13.175840E+3	4.550000E-9	59.950070E-6	242.000000E-3	14.507917E-6
14.683804E+3	4.470000E-9	65.636604E-6	259.000000E-3	16.999880E-6
16.361415E+3	4.390000E-9	71.826610E-6	277.000000E-3	19.895971E-6
18.227521E+3	4.290000E-9	78.196063E-6	296.000000E-3	23.146035E-6
20.313538E+3	4.190000E-9	85.113725E-6	316.000000E-3	26.895937E-6
22.632033E+3	4.090000E-9	92.565017E-6	337.000000E-3	31.194411E-6
25.220706E+3	3.970000E-9	100.126202E-6	360.000000E-3	36.045433E-6
28.098405E+3	3.850000E-9	108.178858E-6	383.000000E-3	41.432503E-6
31.309112E+3	3.720000E-9	116.469898E-6	406.000000E-3	47.286779E-6
34.890528E+3	3.590000E-9	125.256996E-6	426.900000E-3	53.472211E-6
38.874067E+3	3.450000E-9	134.115533E-6	451.100000E-3	60.499517E-6
43.316280E+3	3.310000E-9	143.376885E-6	474.900000E-3	68.089683E-6
48.267430E+3	3.167000E-9	152.862949E-6	498.400000E-3	76.186894E-6
53.784066E+3	3.025000E-9	162.696800E-6	521.100000E-3	84.781303E-6
59.929021E+3	2.885000E-9	172.895227E-6	542.700000E-3	93.830240E-6
66.777693E+3	2.748000E-9	183.505102E-6	563.400000E-3	103.386774E-6
74.405480E+3	2.614000E-9	194.495926E-6	582.500000E-3	113.293877E-6
82.906630E+3	2.484000E-9	205.940069E-6	600.800000E-3	123.728794E-6
92.381674E+3	2.360000E-9	218.020750E-6	616.600000E-3	134.431594E-6
102.937425E+3	2.241000E-9	230.682769E-6	631.400000E-3	145.653100E-6
114.699548E+3	2.126000E-9	243.851239E-6	644.300000E-3	157.113353E-6
127.806272E+3	2.017000E-9	257.785251E-6	655.100000E-3	168.875118E-6
142.408395E+3	1.914000E-9	272.569668E-6	663.700000E-3	180.904489E-6
158.681845E+3	1.816000E-9	288.166230E-6	669.500000E-3	192.927291E-6
176.815118E+3	1.724000E-9	304.829263E-6	672.100000E-3	204.875748E-6
197.021842E+3	1.639000E-9	322.918799E-6	671.200000E-3	216.743098E-6
219.534495E+3	1.560000E-9	342.473812E-6	666.400000E-3	228.224548E-6
244.616970E+3	1.488000E-9	363.990052E-6	657.500000E-3	239.323459E-6
272.570862E+3	1.422000E-9	387.595765E-6	644.500000E-3	249.805471E-6
303.716611E+3	1.364000E-9	414.269458E-6	627.700000E-3	260.036939E-6
338.418644E+3	1.312000E-9	444.005261E-6	607.200000E-3	269.599994E-6
377.091649E+3	1.266000E-9	477.398028E-6	583.600000E-3	278.609489E-6
420.181734E+3	1.226000E-9	515.142806E-6	557.400000E-3	287.140600E-6
468.197836E+3	1.191000E-9	557.623623E-6	529.700000E-3	295.373233E-6
521.692876E+3	1.160900E-9	605.633260E-6	500.600000E-3	303.180010E-6
581.307738E+3	1.135400E-9	660.016806E-6	470.900000E-3	310.801914E-6
647.733573E+3	1.113500E-9	721.251334E-6	441.500000E-3	318.432464E-6
721.749496E+3	1.095100E-9	790.387873E-6	412.700000E-3	326.193075E-6
804.222587E+3	1.079600E-9	868.238704E-6	385.100000E-3	334.358725E-6
896.120455E+3	1.066600E-9	955.802077E-6	359.000000E-3	343.132946E-6
998.517526E+3	1.055900E-9	1.054335E-3	334.700000E-3	352.885809E-6
1.112614E+6	1.046800E-9	1.164684E-3	312.500000E-3	363.963818E-6
1.239748E+6	1.040000E-9	1.289338E-3	291.000000E-3	375.197292E-6
1.381415E+6	1.034000E-9	1.428383E-3	273.100000E-3	390.091382E-6
1.539267E+6	1.030000E-9	1.585445E-3	257.100000E-3	407.617992E-6
1.715153E+6	1.026000E-9	1.759746E-3	243.500000E-3	428.498267E-6
1.911144E+6	1.023000E-9	1.955100E-3	232.100000E-3	453.778761E-6
2.129529E+6	1.022000E-9	2.176378E-3	223.100000E-3	485.549978E-6
2.372864E+6	1.021000E-9	2.422694E-3	216.300000E-3	524.028695E-6
2.644002E+6	1.022000E-9	2.702170E-3	211.800000E-3	572.319632E-6
2.946129E+6	1.023000E-9	3.013890E-3	209.600000E-3	631.711346E-6
3.282782E+6	1.026000E-9	3.368134E-3	210.000000E-3	707.308234E-6
3.657895E+6	1.030000E-9	3.767631E-3	213.000000E-3	802.505487E-6
4.075877E+6	1.035000E-9	4.218533E-3	218.700000E-3	922.593140E-6
4.541618E+6	1.042400E-9	4.734183E-3	227.500000E-3	1.077027E-3
5.060584E+6	1.051800E-9	5.322723E-3	239.800000E-3	1.276389E-3
5.638845E+6	1.063900E-9	5.999167E-3	256.300000E-3	1.537586E-3
6.283185E+6	1.079200E-9	6.780814E-3	277.500000E-3	1.881676E-3
