Frequency_rads	Cp_Farad	Bp_S	Dissipation	Gp_S
125.663706E+0	0.000000E+0	NaN	0.000000E+0	0.000000E+0
138.230077E+0	6.600000E-9	912.318507E-9	133.000000E-3	121.338361E-9
157.079633E+0	6.400000E-9	1.005310E-6	156.000000E-3	156.828305E-9
175.929189E+0	6.400000E-9	1.125947E-6	154.000000E-3	173.395808E-9
194.778745E+0	6.300000E-9	1.227106E-6	160.000000E-3	196.336974E-9
213.628300E+0	6.200000E-9	1.324495E-6	163.000000E-3	215.892760E-9
238.761042E+0	6.100000E-9	1.456442E-6	159.000000E-3	231.574334E-9
270.176968E+0	6.100000E-9	1.648080E-6	151.000000E-3	248.860005E-9
301.592895E+0	5.900000E-9	1.779398E-6	154.000000E-3	274.027304E-9
333.008821E+0	5.800000E-9	1.931451E-6	153.000000E-3	295.512028E-9
370.707933E+0	5.700000E-9	2.113035E-6	153.000000E-3	323.294388E-9
414.690230E+0	5.700000E-9	2.363734E-6	151.000000E-3	356.923881E-9
458.672527E+0	5.640000E-9	2.586913E-6	147.000000E-3	380.276219E-9
515.221195E+0	5.550000E-9	2.859478E-6	140.000000E-3	400.326869E-9
571.769863E+0	5.500000E-9	3.144734E-6	138.000000E-3	433.973326E-9
634.601716E+0	5.460000E-9	3.464925E-6	131.000000E-3	453.905223E-9
709.999940E+0	5.400000E-9	3.834000E-6	129.000000E-3	494.585958E-9
791.681349E+0	5.370000E-9	4.251329E-6	123.000000E-3	522.913448E-9
879.645943E+0	5.330000E-9	4.688513E-6	121.000000E-3	567.310058E-9
980.176908E+0	5.300000E-9	5.194938E-6	118.000000E-3	613.002638E-9
1.093274E+3	5.260000E-9	5.750623E-6	115.000000E-3	661.321590E-9
1.218938E+3	5.220000E-9	6.362856E-6	113.000000E-3	719.002739E-9
1.357168E+3	5.200000E-9	7.057274E-6	111.000000E-3	783.357385E-9
1.514248E+3	5.170000E-9	7.828660E-6	110.000000E-3	861.152644E-9
1.683894E+3	5.140000E-9	8.655213E-6	110.000000E-3	952.073477E-9
1.878672E+3	5.120000E-9	9.618803E-6	110.000000E-3	1.058068E-6
2.092301E+3	5.090000E-9	10.649811E-6	111.000000E-3	1.182129E-6
2.331062E+3	5.060000E-9	11.795172E-6	112.000000E-3	1.321059E-6
2.601239E+3	5.000000E-9	13.006194E-6	113.000000E-3	1.469700E-6
2.896548E+3	5.000000E-9	14.482742E-6	115.000000E-3	1.665515E-6
3.229557E+3	5.000000E-9	16.147786E-6	118.000000E-3	1.905439E-6
3.593982E+3	5.000000E-9	17.969910E-6	121.000000E-3	2.174359E-6
4.008672E+3	4.900000E-9	19.642494E-6	126.000000E-3	2.474954E-6
4.467345E+3	4.890000E-9	21.845316E-6	131.000000E-3	2.861736E-6
4.976283E+3	4.860000E-9	24.184734E-6	136.000000E-3	3.289124E-6
5.541769E+3	4.830000E-9	26.766746E-6	143.000000E-3	3.827645E-6
6.176371E+3	4.790000E-9	29.584818E-6	150.000000E-3	4.437723E-6
6.886371E+3	4.750000E-9	32.710263E-6	158.000000E-3	5.168222E-6
7.671769E+3	4.710000E-9	36.134033E-6	167.000000E-3	6.034384E-6
8.545132E+3	4.670000E-9	39.905767E-6	177.000000E-3	7.063321E-6
9.525309E+3	4.620000E-9	44.006927E-6	189.000000E-3	8.317309E-6
10.612300E+3	4.570000E-9	48.498211E-6	201.000000E-3	9.748140E-6
11.824955E+3	4.510000E-9	53.330546E-6	214.000000E-3	11.412737E-6
13.175840E+3	4.450000E-9	58.632486E-6	229.000000E-3	13.426839E-6
14.683804E+3	4.380000E-9	64.315062E-6	245.000000E-3	15.757190E-6
16.361415E+3	4.300000E-9	70.354083E-6	262.000000E-3	18.432770E-6
18.227521E+3	4.220000E-9	76.920137E-6	281.000000E-3	21.614558E-6
20.313538E+3	4.130000E-9	83.894912E-6	300.000000E-3	25.168474E-6
22.632033E+3	4.030000E-9	91.207095E-6	321.000000E-3	29.277477E-6
25.220706E+3	3.930000E-9	99.117374E-6	343.000000E-3	33.997259E-6
28.098405E+3	3.810000E-9	107.054922E-6	366.000000E-3	39.182101E-6
31.309112E+3	3.690000E-9	115.530625E-6	390.000000E-3	45.056944E-6
34.890528E+3	3.570000E-9	124.559185E-6	412.100000E-3	51.330840E-6
38.874067E+3	3.430000E-9	133.338052E-6	436.700000E-3	58.228727E-6
43.316280E+3	3.300000E-9	142.943722E-6	461.200000E-3	65.925645E-6
48.267430E+3	3.158000E-9	152.428542E-6	485.300000E-3	73.973572E-6
53.784066E+3	3.158000E-9	169.850081E-6	485.300000E-3	82.428244E-6
59.929021E+3	2.881000E-9	172.655511E-6	530.800000E-3	91.645545E-6
66.777693E+3	2.745000E-9	183.304769E-6	551.900000E-3	101.165902E-6
74.405480E+3	2.612000E-9	194.347115E-6	571.900000E-3	111.147115E-6
82.906630E+3	2.483000E-9	205.857163E-6	590.000000E-3	121.455726E-6
92.381674E+3	2.359000E-9	217.928368E-6	607.100000E-3	132.304312E-6
102.937425E+3	2.240000E-9	230.579832E-6	622.200000E-3	143.466771E-6
114.699548E+3	2.126000E-9	243.851239E-6	635.600000E-3	154.991847E-6
127.806272E+3	2.017000E-9	257.785251E-6	646.900000E-3	166.761279E-6
142.408395E+3	1.913000E-9	272.427260E-6	655.800000E-3	178.657797E-6
158.681845E+3	1.816000E-9	288.166230E-6	661.900000E-3	190.737228E-6
176.815118E+3	1.724000E-9	304.829263E-6	664.600000E-3	202.589528E-6
197.021842E+3	1.639000E-9	322.918799E-6	664.100000E-3	214.450374E-6
219.534495E+3	1.560000E-9	342.473812E-6	659.400000E-3	225.827231E-6
244.616970E+3	1.488000E-9	363.990052E-6	650.300000E-3	236.702731E-6
272.570862E+3	1.423000E-9	387.868336E-6	637.400000E-3	247.227278E-6
303.716611E+3	1.365000E-9	414.573175E-6	620.300000E-3	257.159740E-6
338.418644E+3	1.313000E-9	444.343679E-6	599.900000E-3	266.561773E-6
377.091649E+3	1.268000E-9	478.152211E-6	576.400000E-3	275.606935E-6
420.181734E+3	1.228000E-9	515.983170E-6	550.200000E-3	283.893940E-6
468.197836E+3	1.193600E-9	558.840937E-6	522.500000E-3	291.994390E-6
521.692876E+3	1.163800E-9	607.146169E-6	493.500000E-3	299.626634E-6
581.307738E+3	1.138600E-9	661.876991E-6	464.100000E-3	307.177111E-6
647.733573E+3	1.117100E-9	723.583175E-6	434.900000E-3	314.686323E-6
721.749496E+3	1.098800E-9	793.058346E-6	406.500000E-3	322.378218E-6
804.222587E+3	1.083400E-9	871.294750E-6	379.200000E-3	330.394969E-6
896.120455E+3	1.070700E-9	959.476171E-6	353.400000E-3	339.078879E-6
998.517526E+3	1.060200E-9	1.058628E-3	329.300000E-3	348.606293E-6
1.112614E+6	1.051200E-9	1.169580E-3	307.400000E-3	359.528806E-6
1.239748E+6	1.044000E-9	1.294297E-3	286.200000E-3	370.427734E-6
1.381415E+6	1.039000E-9	1.435290E-3	268.400000E-3	385.231841E-6
1.539267E+6	1.034000E-9	1.591602E-3	252.600000E-3	402.038764E-6
1.715153E+6	1.031000E-9	1.768322E-3	239.200000E-3	422.982679E-6
1.911144E+6	1.028000E-9	1.964656E-3	228.100000E-3	448.138019E-6
2.129529E+6	1.027000E-9	2.187026E-3	219.000000E-3	478.958662E-6
2.372864E+6	1.026000E-9	2.434558E-3	212.300000E-3	516.856714E-6
2.644002E+6	1.027000E-9	2.715390E-3	207.800000E-3	564.258070E-6
2.946129E+6	1.028000E-9	3.028621E-3	205.700000E-3	622.987269E-6
3.282782E+6	1.031000E-9	3.384548E-3	206.000000E-3	697.216961E-6
3.657895E+6	1.035000E-9	3.785921E-3	208.800000E-3	790.500277E-6
4.075877E+6	1.041000E-9	4.242988E-3	214.400000E-3	909.696657E-6
4.541618E+6	1.048500E-9	4.761887E-3	223.000000E-3	1.061901E-3
5.060584E+6	1.058300E-9	5.355616E-3	235.100000E-3	1.259105E-3
5.638845E+6	1.070800E-9	6.038075E-3	251.300000E-3	1.517368E-3
6.283185E+6	1.086700E-9	6.827937E-3	272.400000E-3	1.859930E-3
