Frequency_rads	Cp_Farad	Bp_S	Dissipation	Gp_S
125.663706E+0	0.000000E+0	NaN	0.000000E+0	0.000000E+0
138.230077E+0	7.400000E-9	1.022903E-6	99.000000E-3	101.267354E-9
157.079633E+0	7.400000E-9	1.162389E-6	99.000000E-3	115.076539E-9
175.929189E+0	7.400000E-9	1.301876E-6	112.000000E-3	145.810112E-9
194.778745E+0	7.400000E-9	1.441363E-6	123.000000E-3	177.287613E-9
213.628300E+0	7.400000E-9	1.580849E-6	123.000000E-3	194.444479E-9
238.761042E+0	7.100000E-9	1.695203E-6	124.000000E-3	210.205221E-9
270.176968E+0	7.200000E-9	1.945274E-6	135.000000E-3	262.612013E-9
301.592895E+0	7.100000E-9	2.141310E-6	139.000000E-3	297.642028E-9
333.008821E+0	7.000000E-9	2.331062E-6	141.000000E-3	328.679707E-9
370.707933E+0	7.000000E-9	2.594956E-6	145.000000E-3	376.268552E-9
414.690230E+0	6.900000E-9	2.861363E-6	160.000000E-3	457.818014E-9
458.672527E+0	6.830000E-9	3.132733E-6	154.000000E-3	482.440938E-9
515.221195E+0	6.740000E-9	3.472591E-6	163.000000E-3	566.032309E-9
571.769863E+0	6.680000E-9	3.819423E-6	165.000000E-3	630.204743E-9
634.601716E+0	6.550000E-9	4.156641E-6	168.000000E-3	698.315728E-9
709.999940E+0	6.460000E-9	4.586600E-6	171.000000E-3	784.308533E-9
791.681349E+0	6.370000E-9	5.043010E-6	176.000000E-3	887.569794E-9
879.645943E+0	6.270000E-9	5.515380E-6	176.000000E-3	970.706891E-9
980.176908E+0	6.180000E-9	6.057493E-6	177.000000E-3	1.072176E-6
1.093274E+3	6.090000E-9	6.658040E-6	178.000000E-3	1.185131E-6
1.218938E+3	6.000000E-9	7.313628E-6	179.000000E-3	1.309139E-6
1.357168E+3	5.910000E-9	8.020863E-6	177.000000E-3	1.419693E-6
1.514248E+3	5.830000E-9	8.828064E-6	176.000000E-3	1.553739E-6
1.683894E+3	5.770000E-9	9.716066E-6	174.000000E-3	1.690596E-6
1.878672E+3	5.690000E-9	10.689646E-6	172.000000E-3	1.838619E-6
2.092301E+3	5.630000E-9	11.779653E-6	170.000000E-3	2.002541E-6
2.331062E+3	5.570000E-9	12.984014E-6	168.100000E-3	2.182613E-6
2.601239E+3	5.500000E-9	14.306813E-6	167.000000E-3	2.389238E-6
2.896548E+3	5.500000E-9	15.931016E-6	166.000000E-3	2.644549E-6
3.229557E+3	5.400000E-9	17.439609E-6	165.000000E-3	2.877536E-6
3.593982E+3	5.400000E-9	19.407503E-6	166.000000E-3	3.221645E-6
4.008672E+3	5.300000E-9	21.245963E-6	167.000000E-3	3.548076E-6
4.467345E+3	5.290000E-9	23.632254E-6	169.000000E-3	3.993851E-6
4.976283E+3	5.240000E-9	26.075722E-6	172.000000E-3	4.485024E-6
5.541769E+3	5.200000E-9	28.817201E-6	177.000000E-3	5.100645E-6
6.176371E+3	5.160000E-9	31.870075E-6	182.000000E-3	5.800354E-6
6.886371E+3	5.110000E-9	35.189356E-6	189.000000E-3	6.650788E-6
7.671769E+3	5.060000E-9	38.819152E-6	197.000000E-3	7.647373E-6
8.545132E+3	5.010000E-9	42.811111E-6	206.000000E-3	8.819089E-6
9.525309E+3	4.950000E-9	47.150279E-6	217.000000E-3	10.231611E-6
10.612300E+3	4.890000E-9	51.894147E-6	229.000000E-3	11.883760E-6
11.824955E+3	4.820000E-9	56.996282E-6	243.000000E-3	13.850096E-6
13.175840E+3	4.750000E-9	62.585238E-6	257.000000E-3	16.084406E-6
14.683804E+3	4.670000E-9	68.573365E-6	274.000000E-3	18.789102E-6
16.361415E+3	4.580000E-9	74.935279E-6	292.000000E-3	21.881101E-6
18.227521E+3	4.480000E-9	81.659292E-6	311.000000E-3	25.396040E-6
20.313538E+3	4.370000E-9	88.770161E-6	332.000000E-3	29.471694E-6
22.632033E+3	4.250000E-9	96.186142E-6	354.000000E-3	34.049894E-6
25.220706E+3	4.130000E-9	104.161515E-6	377.000000E-3	39.268891E-6
28.098405E+3	4.000000E-9	112.393619E-6	401.000000E-3	45.069841E-6
31.309112E+3	3.860000E-9	120.853174E-6	422.800000E-3	51.096722E-6
34.890528E+3	3.710000E-9	129.443859E-6	447.500000E-3	57.926127E-6
38.874067E+3	3.560000E-9	138.391680E-6	472.100000E-3	65.334712E-6
43.316280E+3	3.410000E-9	147.708513E-6	496.000000E-3	73.263423E-6
48.267430E+3	3.256000E-9	157.158751E-6	519.600000E-3	81.659687E-6
53.784066E+3	3.105000E-9	166.999526E-6	542.100000E-3	90.530443E-6
59.929021E+3	2.956000E-9	177.150187E-6	563.400000E-3	99.806416E-6
66.777693E+3	2.812000E-9	187.778874E-6	583.300000E-3	109.531417E-6
74.405480E+3	2.672000E-9	198.811444E-6	601.900000E-3	119.664608E-6
82.906630E+3	2.536000E-9	210.251214E-6	619.100000E-3	130.166527E-6
92.381674E+3	2.407000E-9	222.362688E-6	634.300000E-3	141.044653E-6
102.937425E+3	2.283000E-9	235.006141E-6	648.000000E-3	152.283979E-6
114.699548E+3	2.165000E-9	248.324521E-6	659.700000E-3	163.819686E-6
127.806272E+3	2.054000E-9	262.514083E-6	669.100000E-3	175.648173E-6
142.408395E+3	1.948000E-9	277.411553E-6	675.900000E-3	187.502469E-6
158.681845E+3	1.848000E-9	293.244049E-6	679.900000E-3	199.376629E-6
176.815118E+3	1.755000E-9	310.310532E-6	680.500000E-3	211.166317E-6
197.021842E+3	1.669000E-9	328.829454E-6	677.300000E-3	222.716189E-6
219.534495E+3	1.590000E-9	349.059846E-6	670.000000E-3	233.870097E-6
244.616970E+3	1.519000E-9	371.573178E-6	658.800000E-3	244.792410E-6
272.570862E+3	1.454000E-9	396.318033E-6	643.700000E-3	255.109918E-6
303.716611E+3	1.396000E-9	423.988389E-6	625.000000E-3	264.992743E-6
338.418644E+3	1.345000E-9	455.173076E-6	603.100000E-3	274.514882E-6
377.091649E+3	1.300000E-9	490.219144E-6	578.400000E-3	283.542753E-6
420.181734E+3	1.260000E-9	529.428985E-6	551.700000E-3	292.085971E-6
468.197836E+3	1.225900E-9	573.963728E-6	523.500000E-3	300.470011E-6
521.692876E+3	1.196100E-9	623.996849E-6	494.500000E-3	308.566442E-6
581.307738E+3	1.170500E-9	680.420708E-6	465.300000E-3	316.599755E-6
647.733573E+3	1.148600E-9	743.986782E-6	436.300000E-3	324.601433E-6
721.749496E+3	1.129800E-9	815.432581E-6	408.400000E-3	333.022666E-6
804.222587E+3	1.113900E-9	895.823539E-6	381.600000E-3	341.846263E-6
896.120455E+3	1.100400E-9	986.090949E-6	356.200000E-3	351.245596E-6
998.517526E+3	1.089200E-9	1.087585E-3	332.400000E-3	361.513350E-6
1.112614E+6	1.079500E-9	1.201067E-3	310.600000E-3	373.051315E-6
1.239748E+6	1.072000E-9	1.329010E-3	289.600000E-3	384.881211E-6
1.381415E+6	1.065000E-9	1.471207E-3	271.700000E-3	399.726888E-6
1.539267E+6	1.060000E-9	1.631623E-3	255.900000E-3	417.532413E-6
1.715153E+6	1.056000E-9	1.811201E-3	242.100000E-3	438.491774E-6
1.911144E+6	1.053000E-9	2.012435E-3	230.500000E-3	463.866160E-6
2.129529E+6	1.051000E-9	2.238135E-3	221.000000E-3	494.627733E-6
2.372864E+6	1.050000E-9	2.491507E-3	213.600000E-3	532.185889E-6
2.644002E+6	1.050000E-9	2.776202E-3	208.100000E-3	577.727674E-6
2.946129E+6	1.051000E-9	3.096382E-3	205.100000E-3	635.067871E-6
3.282782E+6	1.054000E-9	3.460052E-3	204.300000E-3	706.888694E-6
3.657895E+6	1.058000E-9	3.870052E-3	206.000000E-3	797.230803E-6
4.075877E+6	1.064000E-9	4.336733E-3	210.100000E-3	911.147670E-6
4.541618E+6	1.071700E-9	4.867252E-3	217.200000E-3	1.057167E-3
5.060584E+6	1.082300E-9	5.477070E-3	227.500000E-3	1.246034E-3
5.638845E+6	1.096100E-9	6.180738E-3	241.500000E-3	1.492648E-3
6.283185E+6	1.113800E-9	6.998212E-3	260.200000E-3	1.820935E-3
